gg_0 = [0 [1 0]; 90 [0 1]; 180 [-1 0]; 270 [0 -1]];
gg_100 = [0 [.3 0]; 90 [0 .3]; 180 [-.3 0]; 270 [0 -.3]];
gg = {0 gg_0; 100 gg_100};